0 0.555515 0.154416 0.093597 0.010838
0 0.464380 0.132741 0.088671 0.010838
0 0.434823 0.142224 0.059114 0.008128
0 0.791970 0.121000 0.059114 0.025288
0 0.561672 0.165254 0.081282 0.010838
0 0.599850 0.179704 0.083745 0.016256
0 0.213146 0.156222 0.078819 0.021675
0 0.310438 0.139966 0.096060 0.010838
0 0.322753 0.158932 0.071429 0.027094
0 0.271029 0.102034 0.086208 0.012644
0 0.487780 0.196412 0.081282 0.020772
0 0.506253 0.200476 0.059114 0.016256
0 0.500095 0.212668 0.071429 0.013547
0 0.586303 0.201830 0.105913 0.008128
0 0.610934 0.217184 0.081282 0.020772
0 0.646649 0.233891 0.064040 0.019869
0 0.805517 0.279951 0.071429 0.012644
0 0.841232 0.299820 0.039409 0.025288
0 0.840001 0.324204 0.012315 0.034319
0 0.689753 0.295304 0.041872 0.032513
0 0.626944 0.284918 0.019705 0.037028
0 0.525958 0.287628 0.083745 0.018966
0 0.603545 0.332333 0.086208 0.005419
0 0.651575 0.384714 0.078819 0.010838
0 0.337532 0.320140 0.061577 0.015353
0 0.491474 0.354459 0.044335 0.029803
0 0.239008 0.275435 0.071429 0.018063
0 0.189747 0.276790 0.041872 0.020772
0 0.187284 0.261437 0.032020 0.027997
0 0.176200 0.245632 0.024631 0.025288
0 0.050583 0.215377 0.039409 0.022578
0 0.397877 0.401874 0.078819 0.014450
0 0.464380 0.392842 0.098523 0.010838
0 0.118317 0.316528 0.061577 0.020772
0 0.056740 0.324656 0.056651 0.009934
0 0.032110 0.314722 0.041872 0.011741
0 0.394183 0.457868 0.071429 0.019869
0 0.177431 0.413614 0.027094 0.027094
0 0.235314 0.429871 0.029557 0.021675
0 0.174968 0.452901 0.056651 0.011741
0 0.126938 0.465093 0.068966 0.010838
0 0.186052 0.463738 0.064040 0.017159
0 0.177431 0.433935 0.076356 0.020772
0 0.176200 0.442515 0.068966 0.021675
0 0.879410 0.468254 0.017242 0.024385
0 0.902809 0.431677 0.024631 0.027094
0 0.597387 0.542762 0.019705 0.025288
0 0.327679 0.510249 0.076356 0.018063
0 0.309206 0.492638 0.078819 0.018966
0 0.586303 0.615916 0.071429 0.007225
0 0.500095 0.666942 0.032020 0.026191
0 0.312901 0.524248 0.056651 0.022578
0 0.300585 0.536440 0.071429 0.023481
0 0.289502 0.545471 0.064040 0.021675
0 0.133096 0.539149 0.046799 0.032513
0 0.293196 0.606884 0.066503 0.016256
0 0.263639 0.601465 0.056651 0.018063
0 0.232851 0.594692 0.049262 0.024385
0 0.491474 0.549987 0.059114 0.030706
0 0.748867 0.605530 0.027094 0.031610
0 0.773497 0.604626 0.022168 0.029803
0 0.844927 0.612303 0.056651 0.021675
0 0.885568 0.627656 0.064040 0.012644
0 0.860937 0.650234 0.054188 0.012644
0 0.694679 0.648880 0.056651 0.013547
0 0.726699 0.643913 0.091134 0.019869
0 0.714383 0.631720 0.056651 0.015353
0 0.571525 0.723388 0.086208 0.016256
0 0.687289 0.730613 0.076356 0.010838
0 0.670048 0.751385 0.071429 0.014450
0 0.734088 0.754094 0.076356 0.009031
0 0.822759 0.706680 0.076356 0.013547
0 0.865863 0.671458 0.054188 0.011741
0 0.915125 0.661072 0.049262 0.009031
0 0.841232 0.691778 0.068966 0.007225
0 0.891725 0.784349 0.046799 0.026191
0 0.912661 0.793381 0.044335 0.024385
0 0.840001 0.815056 0.027094 0.024385
0 0.827685 0.823635 0.041872 0.027094
0 0.801823 0.887306 0.059114 0.008128
0 0.527189 0.915303 0.061577 0.020772
0 0.599850 0.921625 0.078819 0.011741
0 0.497632 0.927495 0.081282 0.016256
0 0.359699 0.891822 0.046799 0.018966
0 0.307975 0.894983 0.061577 0.016256
0 0.165116 0.883694 0.022168 0.024385
0 0.202062 0.911239 0.051725 0.019869
0 0.523494 0.804670 0.088671 0.018063
0 0.521031 0.792478 0.073892 0.013547
0 0.658964 0.778479 0.044335 0.019869
0 0.432360 0.749579 0.073892 0.019869
0 0.388025 0.762674 0.024631 0.035222
0 0.323985 0.647074 0.059114 0.015353
0 0.413887 0.716163 0.032020 0.025288
0 0.385562 0.715711 0.034483 0.029803
0 0.232851 0.678683 0.054188 0.017159
0 0.140485 0.634430 0.051725 0.011741
0 0.304280 0.789768 0.049262 0.020772
0 0.108465 0.824539 0.061577 0.018063
0 0.192210 0.834473 0.041872 0.018063
0 0.197136 0.754094 0.066503 0.009031
0 0.096150 0.763577 0.027094 0.015353
0 0.104770 0.745063 0.049262 0.014450
0 0.108465 0.673716 0.071429 0.014450
0 0.113391 0.655202 0.081282 0.027997
0 0.311669 0.709390 0.108376 0.006322
0 0.237777 0.700810 0.083745 0.010838
0 0.267334 0.710293 0.083745 0.008128
0 0.144180 0.362588 0.034483 0.017159
