0 0.465612 0.153061 0.076356 0.020772
0 0.567830 0.139514 0.088671 0.013547
0 0.586303 0.161641 0.061577 0.025288
0 0.694679 0.144482 0.041872 0.007225
0 0.723004 0.136805 0.068966 0.008128
0 0.805517 0.158480 0.066503 0.004516
0 0.812907 0.172479 0.056651 0.009031
0 0.832611 0.186026 0.061577 0.012644
0 0.741477 0.199121 0.081282 0.015353
0 0.775960 0.207249 0.091134 0.015353
0 0.752561 0.217635 0.083745 0.012644
0 0.235314 0.211313 0.029557 0.030706
0 0.535810 0.102938 0.078819 0.012644
0 0.955765 0.198669 0.036946 0.019869
0 0.920051 0.157577 0.039409 0.015353
0 0.851084 0.226215 0.059114 0.027997
0 0.851084 0.205894 0.044335 0.021675
0 0.848621 0.288982 0.019705 0.027094
0 0.895420 0.303432 0.039409 0.028900
0 0.971775 0.281306 0.049262 0.009934
0 0.764877 0.292143 0.073892 0.020772
0 0.406498 0.244277 0.036946 0.029803
0 0.418813 0.259631 0.046799 0.031610
0 0.424971 0.276790 0.054188 0.027997
0 0.475464 0.279951 0.076356 0.018063
0 0.587535 0.323301 0.059114 0.016256
0 0.731625 0.355362 0.027094 0.031610
0 0.831380 0.337300 0.059114 0.006322
0 0.868326 0.389230 0.064040 0.014450
0 0.641722 0.405938 0.078819 0.013547
0 0.695910 0.396906 0.093597 0.011741
0 0.315364 0.319689 0.071429 0.023481
0 0.353542 0.363491 0.049262 0.024385
0 0.245166 0.324656 0.064040 0.011741
0 0.210683 0.316528 0.054188 0.013547
0 0.171274 0.307497 0.049262 0.020772
0 0.142948 0.265501 0.051725 0.016256
0 0.139254 0.251954 0.064040 0.014450
0 0.096150 0.258728 0.032020 0.026191
0 0.641722 0.463287 0.064040 0.018063
0 0.395414 0.423549 0.029557 0.028900
0 0.440981 0.439805 0.012315 0.027094
0 0.325216 0.470512 0.066503 0.012644
0 0.385562 0.473221 0.064040 0.016256
0 0.380636 0.461932 0.068966 0.015353
0 0.402803 0.447482 0.078819 0.013547
0 0.396646 0.441160 0.071429 0.011741
0 0.187284 0.486768 0.032020 0.010838
0 0.316596 0.546826 0.039409 0.029803
0 0.570293 0.520184 0.064040 0.014450
0 0.555515 0.503024 0.064040 0.023481
0 0.561672 0.502573 0.051725 0.015353
0 0.719310 0.553148 0.032020 0.024385
0 0.816601 0.544568 0.029557 0.025288
0 0.801823 0.616819 0.073892 0.009031
0 0.453297 0.604175 0.056651 0.025288
0 0.481622 0.610045 0.068966 0.020772
0 0.517337 0.611851 0.066503 0.018966
0 0.321522 0.643461 0.059114 0.008128
0 0.086297 0.368909 0.027094 0.020772
0 0.106002 0.347686 0.076356 0.009031
0 0.113391 0.342719 0.022168 0.029803
0 0.920051 0.605981 0.024631 0.025288
0 0.945913 0.604626 0.017242 0.027997
0 0.727930 0.671006 0.034483 0.030706
0 0.443444 0.689521 0.066503 0.020772
0 0.620786 0.723388 0.041872 0.028900
0 0.646649 0.722936 0.034483 0.020772
0 0.798128 0.723840 0.051725 0.011741
0 0.873252 0.731968 0.068966 0.013547
0 0.865863 0.746869 0.059114 0.010838
0 0.911430 0.752288 0.051725 0.012644
0 0.857242 0.774866 0.032020 0.021675
0 0.743940 0.793832 0.066503 0.012644
0 0.737783 0.806928 0.073892 0.009934
0 0.543199 0.529667 0.059114 0.022578
0 0.538273 0.544568 0.059114 0.021675
0 0.519800 0.553600 0.066503 0.019869
0 0.891725 0.632172 0.076356 0.018063
0 0.902809 0.642558 0.068966 0.018966
0 0.894188 0.652041 0.046799 0.009031
0 0.548125 0.653395 0.059114 0.015353
0 0.301817 0.682296 0.078819 0.011741
0 0.397877 0.766287 0.098523 0.011741
0 0.463149 0.712550 0.081282 0.007225
0 0.476696 0.722485 0.073892 0.009031
0 0.665122 0.750934 0.091134 0.022578
0 0.614629 0.765384 0.039409 0.033416
0 0.570293 0.897692 0.064040 0.014450
0 0.524726 0.903111 0.071429 0.025288
0 0.202062 0.689972 0.061577 0.016256
0 0.187284 0.695843 0.046799 0.024385
0 0.170042 0.704422 0.051725 0.021675
0 0.150337 0.732871 0.061577 0.022578
0 0.240240 0.759062 0.068966 0.004516
0 0.251324 0.782543 0.046799 0.018966
0 0.947145 0.879178 0.044335 0.008128
0 0.341226 0.902659 0.019705 0.029803
0 0.730393 0.918916 0.078819 0.022578
0 0.784581 0.923431 0.078819 0.018966
0 0.177431 0.846214 0.066503 0.014450
0 0.275955 0.838989 0.066503 0.012644
